4294967278,12
4294967278,11
4294967278,10
4294967278,9
4294967278,8
4294967278,26
4294967278,25
4294967278,24
4294967278,23
4294967278,22
4294967278,21
4294967278,20
4294967278,19
4294967278,18
4294967278,17
4294967278,16
4294967278,15
4294967278,14
4294967278,13
4294967278,312
4294967278,198
4294967278,197
4294967278,174
4294967278,58
4294967278,56
4294967278,55
4294967278,54
4294967278,53
4294967278,52
4294967278,51
4294967278,50
4294967278,49
4294967278,48
4294967278,298
4294967278,47
4294967278,46
4294967278,45
4294967278,44
4294967278,43
4294967278,42
4294967278,41
4294967278,40
4294967278,39
4294967278,296
4294967278,38
4294967278,37
4294967278,36
4294967278,35
4294967278,34
4294967278,33
4294967278,32
4294967278,293
4294967278,31
4294967278,30
4294967278,292
4294967278,29
4294967278,28
4294967278,27
4294967279,73
4294967279,72
4294967279,69
4294967279,67
4294967279,66
4294967279,65
4294967279,63
4294967279,59
4294967279,56
4294967279,54
4294967279,53
4294967279,48
4294967279,46
4294967279,45
4294967279,44
4294967279,43
4294967279,41
4294967279,40
4294967279,38
4294967279,36
4294967279,33
4294967279,28
4294967279,25
4294967279,23
4294967279,18
4294967279,14
4294967294,30
4294967294,61
4294967278,194
4294967278,193
4294967294,12
4294967279,284
4294967278,378
4294967278,191
4294967278,190
4294967279,190
4294967278,189
4294967279,189
4294967278,188
4294967279,188
4294967278,187
4294967279,187
4294967278,186
4294967279,186
4294967278,185
4294967279,185
4294967278,184
4294967279,184
4294967278,305
4294967279,70
4294967279,300
4294967278,182
4294967279,182
4294967279,181
4294967278,180
4294967279,180
4294967278,179
4294967279,179
4294967278,178
4294967279,178
4294967278,177
4294967279,177
4294967278,176
4294967278,175
4294967278,333
4294967294,1419
4294967279,273
4294967279,61
4294967278,332
4294967279,60
4294967279,172
4294967279,296
4294967278,301
4294967279,171
4294967278,170
4294967294,1421
4294967294,1420
4294967279,170
4294967279,575
4294967278,169
4294967278,377
4294967278,57
4294967279,169
4294967279,167
4294967279,164
61,6
4294967279,166
61,5
61,4
4294967279,165
61,3
61,2
61,1
4294967279,574
4294967279,52
4294967279,292
4294967279,42
4294967278,376
4294967279,573
4294967279,50
4294967279,160
4294967279,159
4294967279,158
4294967279,157
4294967279,153
4294967279,155
4294967279,154
4294967279,152
4294967279,151
4294967279,150
4294967279,149
4294967279,148
58,4
4294967279,147
58,3
58,2
58,1
4294967279,288
4294967279,146
4294967279,145
4294967279,144
57,4
57,3
57,2
57,1
4294967279,143
4294967279,142
4294967294,1417
4294967294,1004
4294967294,1005
4294967294,1012
4294967294,198
4294967279,30
4294967279,141
4294967279,140
56,6
4294967279,272
56,5
4294967279,136
4294967279,135
56,4
56,3
56,2
56,1
4294967279,134
4294967279,133
4294967279,21
4294967279,271
4294967279,268
4294967278,375
4294967279,270
55,5
4294967279,16
4294967279,279
4294967294,89
55,4
4294967279,282
55,3
55,2
55,1
4294967279,278
4294967279,277
4294967279,15
4294967279,523
4294967279,12
4294967279,262
4294967279,276
4294967279,521
54,5
4294967279,261
4294967279,275
54,4
54,3
54,2
54,1
4294967279,258
4294967279,257
4294967279,256
4294967279,274
4294967278,374
4294967279,255
53,5
4294967279,253
4294967278,258
53,4
53,3
53,2
53,1
4294967278,257
4294967294,468
4294967294,17
4294967294,99
4294967294,76
4294967278,324
52,4
4294967294,128
4294967294,185
4294967278,323
52,3
52,2
52,1
4294967278,255
0,7
4294967278,322
4294967279,572
4294967279,541
4294967294,0
4294967278,373
4294967294,387
4294967294,386
4294967294,392
4294967294,393
4294967294,46
4294967294,389
4294967294,388
4294967294,120
4294967294,115
4294967294,114
4294967278,372
4294967278,346
4294967278,0
4294967278,359
4294967294,396
4294967294,435
4294967294,408
4294967294,420
4294967294,177
4294967294,178
4294967294,385
4294967294,183
4294967294,414
4294967294,167
4294967294,1014
4294967294,111
4294967294,1
4294967294,457
4294967294,190
4294967294,464
4294967294,407
4294967294,2
4294967278,319
4294967294,149
4294967294,29
4294967294,40
4294967294,41
4294967294,38
4294967294,37
4294967294,36
4294967294,436
4294967294,471
4294967294,39
4294967294,42
4294967294,67
4294967278,252
4294967278,251
4294967294,43
4294967294,45
4294967294,44
4294967278,249
4294967294,469
4294967294,416
4294967294,51
4294967294,52
4294967294,82
4294967278,247
4294967294,107
4294967294,50
4294967294,92
4294967294,91
4294967294,90
4294967294,88
4294967294,87
4294967294,86
4294967294,85
4294967294,84
